0.015067439116977555, -0.0004544588651234178 
0.015067077589691946, -0.0004544496815718979 
0.015101114801391202, -0.000471713204064886 
0.015099114686670467, -0.00046224470331655745 
0.01509861732822948, -0.0004614150380641783 
0.01509781569400187, -0.00046163189559248353 
0.01509699112696078, -0.0004616271635645751 
0.015096164230893272, -0.0004616089499074761 
0.015095336687766414, -0.00046159618079159945 
0.015094508735784662, -0.00046158426970748 
0.015093680400387222, -0.00046157291186312835 
0.015092851691206388, -0.00046156220003253914 
0.01509202261820608, -0.00046155213790889616 
0.015091193191080265, -0.0004615427231788767 
0.015090363419227981, -0.0004615339553917272 
0.015089533311790193, -0.00046152583418731553 
0.015088702877658455, -0.0004615183591738514 
0.015087872125482016, -0.0004615115299640023 
0.015087041063673978, -0.0004615053461771287 
0.015086209698912945, -0.00046149980743639594 
0.015085368972815538, -0.0004614948855376213 
0.01508451114389786, -0.0004614905530912583 
0.015083635272825857, -0.0004614871543263951 
0.01508280653871441, -0.00046148403405709944 
0.015082056626752827, -0.0004614817983226282 
0.015081285501237052, -0.0004614802234590488 
0.015080511654466833, -0.0004614792553497094 
0.015079736989138726, -0.00046147888770492126 
0.015586146079274332, -0.0004593607251911155 
0.016931963901015645, -0.0004563312630662891 
0.01886081317310756, -0.00043080824590452604 
0.020867243396133994, -0.00043234662900570956 
0.022867448754076203, -0.00042992058475758326 
0.02486693075275892, -0.00042476453706763966 
0.026866681109471657, -0.0004196197765175473 
0.02886627727269364, -0.000414524595334997 
0.030865954568551124, -0.0004094292558791199 
0.032865587500190085, -0.0004043333290602925 
0.034865243487335607, -0.00039923823265201126 
0.036864886375762074, -0.000394143720139786 
0.03886453558728992, -0.00038904988669204296 
0.04086418071986431, -0.0003839566666722683 
0.04286382737476868, -0.0003788640911719158 
0.04486347256510381, -0.00037377213887733576 
0.04686311791199094, -0.0003686808165427212 
0.04886276256330163, -0.00036359011600727915 
0.050862406993590015, -0.00035850003724569024 
0.05286205096500479, -0.0003534105759908739 
0.05486169462150914, -0.0003483217303726512 
0.056861337901719156, -0.000343233497352091 
0.05886098085399599, -0.0003381458746316255 
0.06086062346737525, -0.00033305885962649977 
0.06286026576230558, -0.00032797245001391876 
0.0648599077419687, -0.0003228866434352829 
0.06685954941841338, -0.00031780143765299315 
0.06885919079854236, -0.0003127168304632937 
0.07085883189164333, -0.00030763281974032533 
0.07285847270535822, -0.0003025494034097487 
0.07485811324785618, -0.0002974665794604221 
0.07685775352667823, -0.00029238434593556093 
0.07885739354936605, -0.0002873027009348773 
0.08085703332313476, -0.00028222164261090116 
0.0828566728550571, -0.00027714116916867837 
0.08485631215197437, -0.00027206127886387875 
0.08685595122055195, -0.0002669819700014045 
0.08885559006725846, -0.0002619032409339528 
0.09085522869838536, -0.0002568250900607216 
0.09285486712004387, -0.00025174751582607 
0.09485450533817447, -0.00024667051671828355 
0.09685414335854986, -0.0002415940912684426 
0.09885378118678023, -0.00023651823804881537 
0.10085341882831733, -0.00023144295567215241 
0.10285305628845964, -0.00022636824279026078 
0.10485269357235633, -0.0002212940980931069 
0.10685233068501143, -0.0002162205203075409 
0.1088519676312879, -0.0002111475081963992 
0.1108516044159118, -0.00020607506055748514 
0.11285124104347588, -0.0002010031762223367 
0.11485087751844353, -0.00019593185405555934 
0.11685051384515222, -0.00019086109295387644 
0.11885015002781779, -0.0001857908918450875 
0.1208497860705367, -0.00018072124968732779 
0.1228494219772901, -0.00017565216546807088 
0.12484905775194705, -0.00017058363820331125 
0.12684869339826732, -0.00016551566693687007 
0.12884832891990516, -0.0001604482507396079 
0.13084796432041174, -0.0001553813887084849 
0.13284759960323783, -0.00015031507996612144 
0.13484723477173732, -0.0001452493236597552 
0.13684686982916933, -0.00014018411896079901 
0.13884650477870142, -0.00013511946506396678 
0.14084613962341164, -0.00013005536118669342 
0.14284577436629126, -0.00012499180656858652 
0.14484540901024778, -0.00011992880047062462 
0.14684504355810607, -0.00011486634217461572 
0.14884467801261186, -0.00010980443098286856 
0.1508443123764331, -0.00010474306621709487 
0.152843946652163, -9.968224721830835e-05 
0.15484358084232158, -9.462197334613126e-05 
0.1568432149493575, -8.956224397821747e-05 
0.15884284897565076, -8.450305850978717e-05 
0.16084248292351422, -7.944441635311693e-05 
0.1628421167951989, -7.438631665201121e-05 
0.16484175059289768, -6.932875831526237e-05 
0.16684138431873952, -6.427174131576243e-05 
0.1688410179747888, -5.921526536860073e-05 
0.1708406515630485, -5.415932999982241e-05 
0.17284028508546662, -4.910393468346278e-05 
0.17483991854393566, -4.404907892163496e-05 
0.17683955194029555, -3.8994762232566114e-05 
0.1788391852763337, -3.3940984147735735e-05 
0.18083881855378747, -2.8887744211773705e-05 
0.18283845177434527, -2.383504198225333e-05 
0.18483808493964798, -1.878287702921028e-05 
0.1868377180512899, -1.3731248934727006e-05 
0.1888373511108209, -8.680157292571063e-06 
0.1908369841197467, -3.6296017081657167e-06 
0.19283661707953081, 1.4204182021625936e-06 
0.1948362499915955, 6.469902811217002e-06 
0.19683588285732279, 1.1518852481326057e-05 
0.19883551567805613, 1.656726756443371e-05 
0.20083514845510075, 2.161514840282833e-05 
0.20283478118972498, 2.6662495329030176e-05 
0.20483441388316198, 3.170930866613019e-05 
0.20683404653660942, 3.675558872838307e-05 
0.20883367915123197, 4.1801335821013306e-05 
0.21083331172816067, 4.684655024066273e-05 
0.21283294426849542, 5.189123227568608e-05 
0.21483257677330497, 5.693538220614383e-05 
0.21683220924362717, 6.197900030460843e-05 
0.21883184168047165, 6.70220868354566e-05 
0.2208314740848194, 7.206464205610809e-05 
0.22283110645762294, 7.710666621650532e-05 
0.22483073879980886, 8.214815955953061e-05 
0.22683037111227727, 8.718912232141211e-05 
0.22883000339590281, 9.222955473154812e-05 
0.23082963565153575, 9.726945701299936e-05 
0.2328292678800023, 0.00010230882938248084 
0.234828900082105, 0.00010734767205070137 
0.23682853225862444, 0.00011238598522241852 
0.23882998279540119, 0.00011712596732817843 
0.24084135808279056, 0.000121950691029796 
0.2428529408737204, 0.00012812963775287812 
0.24486307859193496, 0.00013117571027064046 
0.24686456736634316, 0.00013573172995554972 
0.24886434301041854, 0.00014153736941065827 
0.25086388178426244, 0.0001465505848991281 
0.2528635707818609, 0.0001515224685098509 
0.2548631810734702, 0.00015650880776175925 
0.2568628335277944, 0.0001614946735287242 
0.2588624631000116, 0.00016647980509764695 
0.2608621046865645, 0.00017146429280990726 
0.26286173956815967, 0.00017644826103290032 
0.26486137779707664, 0.00018143164347087155 
0.2668610139862087, 0.0001864144742514687 
0.26886065103327916, 0.00019139673690470147 
0.2708602873900505, 0.00019637844203266469 
0.2728599238938664, 0.0002013595855960464 
0.2748595601017466, 0.0002063401713678308 
0.27685919625757344, 0.00021132019888457697 
0.27885883223647473, 0.0002162996699122189 
0.28085846811128834, 0.00022127858497736027 
0.2828581038485936, 0.00022625694523000482 
0.28485773947183013, 0.00023123475144532814 
0.28685737497377023, 0.00023621200456038773 
0.28885701036349226, 0.00024118870538697825 
0.29085664564117786, 0.0002461648547671814 
0.2928562808116402, 0.0002511404534906791 
0.29485591587706905, 0.0002561155023402561 
0.296855550840927, 0.0002610900020685215 
0.2988551857058662, 0.0002660639536662681 
0.30085482047485873, 0.0002710373587116846 
0.30285445515058346, 0.0002760102172512604 
0.3048540897357428, 0.000280982529515302 
0.3068537242329044, 0.00028595429617502574 
0.3088533586445957, 0.0002909255179038471 
0.31085299297325597, 0.0002958961953397738 
0.31285262722126556, 0.00030086632910187217 
0.31485226139093203, 0.00030583591979214324 
0.3168518954845009, 0.0003108049679955765 
0.3188515295041527, 0.00031577347428072633 
0.32085116345200787, 0.00032074143920008476 
0.3228507973301261, 0.000325708863290672 
0.32485043114050943, 0.00033067574707422963 
0.3268500648851036, 0.00033564209105792784 
0.3288496985657993, 0.00034060789573449194 
0.3308493321844342, 0.00034557316158295086 
0.3328489657427933, 0.00035053788906873535 
0.33484859924261257, 0.00035550207864420156 
0.33684823268557823, 0.0003604657307489269 
0.3388478660733292, 0.0003654288458101074 
0.34084749940745823, 0.0003703914242430353 
0.3428471326895131, 0.00037535346645116744 
0.344846765920998, 0.00038031497282660744 
0.3468463991033751, 0.0003852759437505335 
0.34884603223806465, 0.00039023637959316427 
0.35084566532644723, 0.0003951962807145924 
0.3528452983698646, 0.0004001556474645775 
0.35484493136962075, 0.00040511448018313396 
0.3568445643269827, 0.0004100727792005288 
0.3588441972431816, 0.0004150305448378973 
0.36084383011941445, 0.0004199877774073433 
0.3628434629568442, 0.0004249444772120531 
0.3648430957566009, 0.00042990064454688796 
0.3668427285197828, 0.0004348562796982169 
0.36884236124745745, 0.000439811382944408 
0.3708419939406622, 0.000444765954555957 
0.37284162660040493, 0.0004497199947959827 
0.3748412592276653, 0.00045467350391995226 
0.3768408918233955, 0.0004596264821761509 
0.3788405243885206, 0.00046457892980598903 
0.3808401569239398, 0.00046953084704409146 
0.3828397894305267, 0.0004744822341184603 
0.38483942190913045, 0.0004794330912506503 
0.3868390543605767, 0.00048438341865606935 
0.3888386867856667, 0.0004893332165439673 
0.3908383191851804, 0.0004942824851177482 
0.39283976993515624, 0.0004989331723404865 
0.39485114546484545, 0.0005036686351182585 
0.3968627285802407, 0.0005097579679281567 
0.39887286674974276, 0.000512714072660836 
0.40087435562002377, 0.0005171810653135247 
0.4028741315211792, 0.0005228976595198058 
0.40487367051422846, 0.0005278218392109793 
0.4068733597342473, 0.0005327046814193436 
0.4088729702465952, 0.000537601982765 
0.41087262292280724, 0.0005424988088826028 
0.4128722527162482, 0.0005473949020495432 
0.41487189452433665, 0.0005522903510135468 
0.4168715296272628, 0.0005571852809841914 
0.41887116807758257, 0.0005620796252033468 
0.42087080448804143, 0.0005669734180367141 
0.42287044175644195, 0.0005718666428768485 
0.4248700783345037, 0.0005767593103900846 
0.42686971505959337, 0.0005816514164935086 
0.4288693514887187, 0.000586542964974696 
0.43086898786576877, 0.0005914339553536457 
0.43286862406586774, 0.0005963243893967055 
0.4348682601618553, 0.0006012142676220956 
0.4368678961203097, 0.0006061035911764075 
0.4388675319646767, 0.000610992361278412 
0.440867167687748, 0.0006158805798423357 
0.4428668032986096, 0.0006207682466447881 
0.4448664387974389, 0.0006256553621285669 
0.44686607418904767, 0.0006305419271453598 
0.44886570947562526, 0.0006354279425092708 
0.4508653446606333, 0.0006403134089911877 
0.45286497974672063, 0.0006451983273450645 
0.4548646147368447, 0.0006500826983015201 
0.45686424963367395, 0.0006549665225716384 
0.4588638844399129, 0.0006598498008459734 
0.46086351915812895, 0.0006647325337958809 
0.4628631537908505, 0.000669614722073632 
0.46486278834051675, 0.0006744963663132262 
0.4668624228095078, 0.0006793774671307203 
0.4688620572001312, 0.0006842580251249014 
0.4708616915146326, 0.0006891380408776398 
0.4728613257551927, 0.0006940175149542276 
0.4748609599239318, 0.000698896447904351 
0.4768605940229097, 0.0007037748402620413 
0.47886022805412815, 0.0007086526925462771 
0.4808598620195333, 0.0007135300052614525 
0.48285949592101557, 0.0007184067788976781 
0.4848591297604126, 0.0007232830139313937 
0.4868587635395102, 0.0007281587108255211 
0.48885839726004326, 0.0007330338700300377 
0.49085803092369873, 0.0007379084919820463 
0.4928576645321152, 0.0007427825771066002 
0.4948572980868856, 0.0007476561258165635 
0.4968569315895578, 0.0007525291385132799 
0.49885656504163606, 0.0007574016155867726 
0.500856198444582, 0.0007622735574161394 
0.5028558317998162, 0.0007671449643696919 
0.5048554651087199, 0.0007720158368054467 
0.506855098372634, 0.0007768861750713733 
0.5088547315928628, 0.0007817559795055052 
0.5108543647706733, 0.0007866252504365537 
0.512853997907297, 0.0007914939881838172 
0.5148536310039304, 0.000796362193057667 
0.5168532640617367, 0.000801229865359739 
0.5188528970818458, 0.0008060970053832724 
0.5208525300653564, 0.0008109636134130975 
0.5228521630133356, 0.0008158296897261353 
0.5248517959268211, 0.0008206952345913537 
0.5268514288068208, 0.0008255602482704673 
0.5288510616543141, 0.0008304247310175383 
0.530850694470253, 0.0008352886830795851 
0.5328503272555631, 0.0008401521046967251 
0.5348499600111432, 0.0008450149961022294 
0.5368495927378674, 0.0008498773575229065 
0.5388492254365848, 0.0008547391891791154 
0.5408488581081203, 0.0008596004912851134 
0.542848490753276, 0.0008644612640490155 
0.5448481233728314, 0.0008693215076731347 
0.5468495743256528, 0.0008738830767460348 
0.5488609500492676, 0.0008785290107313454 
0.550872533497285, 0.0008845287254804295 
0.5528826721265478, 0.0008873948180081583 
0.5548841610680836, 0.0008917728145765475 
0.5568839372226679, 0.0008974003839255975 
0.5588834764305373, 0.0009022355485072183 
0.5608831658692233, 0.0009070293699994972 
0.5628827765982333, 0.0009118376540639304 
0.5648824294924296, 0.0009166454611521087 
0.5668820595030963, 0.0009214525365377348 
0.5688817015287704, 0.0009262589673736149 
0.5708813368490502, 0.0009310648797117003 
0.5728809755168083, 0.0009358702063312941 
0.5748806121446204, 0.0009406749818365438 
0.5768802496303799, 0.0009454791894822848 
0.5788798864257584, 0.0009502828399993476 
0.5808795233681538, 0.0009550859297206334 
0.5828791600145861, 0.000959888463764552 
0.5848787966089584, 0.0009646904403150621 
0.5868784330263856, 0.0009694918606842316 
0.588878069339709, 0.0009742927254675002 
0.5908777055155041, 0.00097909303584816 
0.5928773415772115, 0.0009838927926159673 
0.5948769775176019, 0.0009886919967257613 
0.596876613345753, 0.0009934906490054465 
0.598876249061846, 0.0009982887503133713 
0.6008758846706928, 0.001003086301454809 
0.6028755201744829, 0.0010078833032278749 
0.604875155576678, 0.0010126797563997257 
0.6068747908799268, 0.0010174756617205335 
0.6088744260871873, 0.0010222710199169023 
0.6108740612011276, 0.0010270658316961403 
0.6128736962244523, 0.0010318600977450088 
0.6148733311597292, 0.0010366538187311803 
0.6168729660094864, 0.001041446995303464 
0.618872600776163, 0.0010462396280923763 
0.6208722354621392, 0.0010510317177107003 
0.6228718700697229, 0.0010558232647538996 
0.6248715046011596, 0.0010606142698006567 
0.6268711390586303, 0.0010654047334134416 
0.6288707734442547, 0.0010701946561388316 
0.630870407760093, 0.0010749840385079863 
0.6328700420081474, 0.0010797728810370444 
0.6348696761903638, 0.0010845611842276433 
0.6368693103086323, 0.0010893489485674377 
0.6388689443647906, 0.0010941361745300518 
0.6408685783606252, 0.0010989228625759738 
0.6428682122978704, 0.0011037090131527931 
0.6448678461782134, 0.001108494626695277 
0.646867480003293, 0.0011132797036260507 
0.6488671137747017, 0.0011180642443557524 
0.6508667474939879, 0.0011228482492837805 
0.6528663811626556, 0.0011276317187978897 
0.6548660147821663, 0.0011324146532750087 
0.6568656483539412, 0.001137197053081573 
0.6588652818793608, 0.0011419789185736755 
0.6608649153597665, 0.0011467602500973388 
0.6628645487964625, 0.00115154104798895 
0.664864182190716, 0.001156321312575245 
0.6668638155437581, 0.0011611010441738752 
0.6688634488567857, 0.0011658802430935457 
0.670863082130962, 0.0011706589096342488 
0.672862715367417, 0.0011754370440876303 
0.6748623485672491, 0.0011802146467369706 
0.6768619817315256, 0.0011849917178576436 
0.6788616148612843, 0.0011897682577172608 
0.6808612479575323, 0.0011945442665760148 
0.6828608810212502, 0.0011993197446867282 
0.6848605140533897, 0.0012040946922950843 
0.6868601470548761, 0.0012088691096398397 
0.6888597800266086, 0.0012136429969530369 
0.6908594129694607, 0.0012184163544601463 
0.6928590458842817, 0.001223189182380396 
0.6948586787718971, 0.0012279614809269197 
0.6968583116331087, 0.0012327332503067044 
0.698857944468696, 0.001237504490720972 
0.7008593956203046, 0.001241976964477223 
0.7028707715335073, 0.0012465333895732872 
0.7048823553105589, 0.0012524435098004191 
0.7068924943932782, 0.0012552196150831454 
0.7088939834026453, 0.0012595086366410661 
0.7108937598066066, 0.0012650472029514816 
0.7128932992252986, 0.0012697933741657712 
0.714892988878628, 0.0012744981966531883 
0.716892599820291, 0.0012792174851510732 
0.718892252928455, 0.0012839362949255335 
0.720891883152335, 0.0012886543742452738 
0.7228915253915799, 0.0012933718086686613 
0.7248911609252083, 0.0012980887258166721 
0.726890799806442, 0.0013028050593336103 
0.7288904366476869, 0.0013075208423250046 
0.7308900743469222, 0.0013122360576038195 
0.7328897113557703, 0.001316950716062844 
0.7348893485116483, 0.0013216648135720675 
0.7368889853715352, 0.0013263783539782638 
0.7388886221793343, 0.00133109133679913 
0.7408882588101608, 0.00133580376383159 
0.7428878953368578, 0.001340515635606003 
0.744887531726001, 0.0013452269532901774 
0.7468871680010305, 0.0013499377176690273 
0.7488868041547174, 0.0013546479296932031 
0.7508864401961395, 0.0013593575901857044 
0.7528860761254776, 0.0013640667000003595 
0.7548857119475445, 0.00136877525993796 
0.7568853476645286, 0.0013734832707922736 
0.758884983279893, 0.001378190733326375 
0.7608846187962851, 0.0013828976482863548 
0.7628842542166641, 0.0013876040163947865 
0.7648838895436976, 0.0013923098383551357 
0.7668835247800898, 0.001397015114850465 
0.7688831599284093, 0.001401719846544849 
0.7708827949911841, 0.0014064240340835458 
0.7728824299708529, 0.0014111276780937288 
0.7748820648697966, 0.0014158307791846969 
0.7768816996903232, 0.001420533337948754 
0.7788813344346771, 0.00142523535496144 
0.7808809691050403, 0.0014299368307821654 
0.7828806037035327, 0.0014346377659545015 
0.784880238232214, 0.0014393381610066514 
0.7868798726930866, 0.0014440380164521158 
0.7888795070880962, 0.0014487373327896746 
0.7908791414191338, 0.0014534361105042538 
0.7928787756880366, 0.0014581343500671632 
0.7948784098965902, 0.0014628320519362629 
0.7968780440465302, 0.0014675292165565437 
0.7988776781395437, 0.0014722258443606417 
0.8008773121772688, 0.0014769219357688027 
0.8028769461612987, 0.0014816174911895016 
0.8048765800931814, 0.001486312511019763 
0.8068762139744212, 0.0014910069956453828 
0.8088758478064795, 0.0014957009454412739 
0.8108754815907777, 0.0015003943607718156 
0.8128751153286962, 0.0015050872419911147 
0.8148747490215761, 0.0015097795894434603 
0.8168743826707224, 0.0015144714034632475 
0.818874016277402, 0.0015191626843754273 
0.8208736498428455, 0.0015238534324960966 
0.8228732833682502, 0.0015285436481322877 
0.8248729168547795, 0.0015332333315821493 
0.8268725503035632, 0.0015379224831357956 
0.8288721837156998, 0.0015426111030750907 
0.8308718170922564, 0.0015472991916738923 
0.832871450434271, 0.0015519867491984034 
0.8348710837427513, 0.0015566737759073052 
0.8368707170186767, 0.0015613602720519783 
0.8388703502630002, 0.001566046237876836 
0.8408699834766458, 0.0015707316736192764 
0.8428696166605135, 0.0015754165795101517 
0.8448692498154773, 0.001580100955773924 
0.8468688829423856, 0.0015847848026284334 
0.8488685160420641, 0.0015894681202855347 
0.8508681491153147, 0.001594150908951264 
0.8528677821629171, 0.0015988331688256761 
0.8548692335092991, 0.0016032165699401526 
0.8568806096080606, 0.0016076835089809645 
0.8588921937101058, 0.0016135040593077527 
0.8609023332398655, 0.0016161902037905988 
0.8629038223129091, 0.0016203902263506264 
0.8649035989624354, 0.001625839850445465 
0.8669031385880049, 0.0016304970577768517 
0.8689028284520111, 0.0016351129059521954 
0.8709024396023473, 0.0016397432203718986 
0.8729020929205398, 0.0016443730574058231 
0.8749017233537495, 0.0016490021664682713 
0.8769013658027207, 0.0016536306302522342 
0.8789010015458775, 0.0016582585766362367 
0.8809006406367181, 0.001662885937560347 
0.8829002776874819, 0.0016675127481362538 
0.8848999155962417, 0.0016721389913766816 
0.8868995528145709, 0.0016767646781745648 
0.8888991901799133, 0.0016813898043480963 
0.8908988272492335, 0.0016860143737599297 
0.8928984642664426, 0.0016906383859113198 
0.8948981011066517, 0.001695261842599637 
0.8968977378427063, 0.0016998847443468325 
0.8988973744411805, 0.0017045070923173461 
0.9008970109255159, 0.0017091288872900894 
0.9028966472884833, 0.0017137501302113749 
0.9048962835391597, 0.0017183708218992744 
0.9068959196777269, 0.0017229909632032274 
0.9088955557089977, 0.0017276105549194523 
0.9108951916351601, 0.0017322295978374948 
0.9128948274596773, 0.0017368480927162804 
0.9148944631851972, 0.0017414660402977934 
0.9168940988146785, 0.0017460834413005589 
0.9188937343507892, 0.0017507002964241894 
0.9208933697962338, 0.00175531660634818 
0.92289300515358, 0.0017599323717329154 
0.9248926404253563, 0.0017645475932200972 
0.9268922756140026, 0.0017691622714333774 
0.9288919107218981, 0.0017737764069788787 
0.9308915457513514, 0.0017783900004456003 
0.9328911807046074, 0.0017830030524059837 
0.934890815583848, 0.0017876155634162965 
0.9368904503911927, 0.0017922275340171397 
0.9388900851287014, 0.0017968389647339618 
0.9408897197983769, 0.0018014498560772574 
0.9428893544021647, 0.0018060602085432258 
0.9448889889419554, 0.0018106700226141932 
0.9468886234195869, 0.001815279298758651 
0.9488882578368445, 0.0018198880374321743 
0.9508878921954643, 0.001824496239077304 
0.9528875264971325, 0.0018291039041242606 
0.9548871607434881, 0.0018337110329909839 
0.9568867949361242, 0.001838317626083577 
0.9588864290765886, 0.0018429236837970823 
0.9608860631663854, 0.0018475292065151562 
0.9628856972069766, 0.0018521341946107234 
0.9648853311997829, 0.0018567386484461793 
0.9668849651461853, 0.001861342568373601 
0.968884599047525, 0.0018659459547353536 
0.9708842329051065, 0.0018705488078640843 
0.9728838667201966, 0.001875151128083016 
0.9748835004940269, 0.0018797529157063859 
0.9768831342277946, 0.0018843541710395434 
0.9788827679226617, 0.001888954894379222 
0.9808824015797596, 0.0018935550860138617 
0.9828820352001859, 0.001898154746223674 
0.9848816687850084, 0.0019027538752810459 
0.9868813023352644, 0.0019073524734507664 
0.9888809358519619, 0.0019119505409900726 
0.9908805693360804, 0.0019165480781491205 
0.9928802027885728, 0.0019211450851707524 
0.9948798362103639, 0.0019257415622912404 
0.9968794696023527, 0.0019303375097401735 
0.9988791029654132, 0.0019349329277406025 
1.0008787363003944, 0.0019395278165094472 
1.0028783696081218, 0.0019441221762572347 
1.004878002889397, 0.001948716007188754 
1.0068776361450005, 0.0019533093095032345 
1.0088790876821436, 0.0019576036609541777 
1.0108904639624394, 0.001961981137098218 
1.0129020483852071, 0.001967712142475998 
1.0149121883555354, 0.0019703083530380567 
1.0169136774875334, 0.001974419324275579 
1.0189134543789828, 0.0019797800909124776 
1.0209129942075812, 0.0019843483712986337 
1.0229126842784284, 0.001988875272879794 
1.0249122956336079, 0.0019934166367778436 
1.0269119491579286, 0.0019979575212910813 
1.0289115797965245, 0.0020024976794497185 
1.0309112224512331, 0.0020070371921641203 
1.032910858399898, 0.0020115761881425885 
1.0349104976963295, 0.0020161145988665187 
1.0369101349525998, 0.0020206524596859056 
1.0389097730668702, 0.002025189753475828 
1.0409094104906678, 0.002029726491193565 
1.0429090480614613, 0.0020342626686138043 
1.044908685336202, 0.002038798289613554 
1.0469083225588083, 0.002043333353677633 
1.0489079596043873, 0.0020478678626038513 
1.0509075965457872, 0.0020524018169057285 
1.0529072333495806, 0.002056935217744353 
1.0549068700392097, 0.0020614680658927313 
1.0569065066074446, 0.0020660003622929553 
1.0589061430633635, 0.0020705321077579765 
1.060905779407148, 0.002075063303132796 
1.06290541564361, 0.0020795939492092366 
1.0649050517749385, 0.0020841240467726094 
1.0669046878045965, 0.002088653596577458 
1.068904323735232, 0.0020931825993616704 
1.0709039595698033, 0.002097711055840038 
1.0729035953109793, 0.002102238966708408 
1.074903230961464, 0.0021067663326422596 
1.0769028665238252, 0.002111293154298448 
1.078902502000592, 0.0021158194323151777 
1.0809021373942034, 0.0021203451673126685 
1.0829017727070391, 0.0021248703598937056 
1.0849014079414077, 0.0021293950106439866 
1.0869010430995545, 0.002133919120132815 
1.0889006781836605, 0.0021384426889134427 
1.0909003131958461, 0.0021429657175237055 
1.0928999481381714, 0.00214748820648579 
1.0948995830126382, 0.0021520101563076047 
1.0968992178211923, 0.0021565315674826587 
1.0988988525657253, 0.002161052440490489 
1.1008984872480743, 0.002165572775797095 
1.1028981218700256, 0.00217009257385547 
1.1048977564333133, 0.0021746118351058186 
1.1068973909396254, 0.0021791305599758795 
1.1088970253906005, 0.002183648748881393 
1.1108966597878314, 0.0021881664022263274 
1.1128962941328662, 0.0021926835204034404 
1.114895928427209, 0.002197200103794298 
1.116895562672322, 0.002201716152769685 
1.118895196869626, 0.0022062316676899948 
1.1208948310205011, 0.002210746648905547 
1.1228944651262895, 0.0022152610967567598 
1.1248940991882954, 0.0022197750115743892 
1.1268937332077855, 0.0022242883936799893 
1.128893367185992, 0.002228801243385949 
1.1308930011241112, 0.002233313560995972 
1.132892635023306, 0.0022378253468052288 
1.1348922688847067, 0.0022423366011004794 
1.1368919027094118, 0.0022468473241604404 
1.138891536498489, 0.0022513575162559883 
1.140891170252976, 0.0022558671776505457 
1.1428908039738803, 0.0022603763085998715 
1.1448904376621816, 0.002264884909352608 
1.1468900713188326, 0.0022693929801505136 
1.1488897049447577, 0.0022739005212285375 
1.150889338540857, 0.002278407532814887 
1.1528889721080038, 0.0022829140151314196 
1.1548886056470473, 0.002287419968393687 
1.1568882391588136, 0.002291925392811326 
1.1588878726441034, 0.002296430288588105 
1.1608875061036965, 0.002300934655921821 
1.1628889578275947, 0.0023051399802863754 
1.1649003342854034, 0.002309428016289054 
1.1669119190244641, 0.0023150695013462626 
1.168922059428763, 0.0023175758046757792 
1.1709235486152154, 0.002321597681745235 
1.1729233257449123, 0.0023268696668971908 
1.174922865772689, 0.002331349056302911 
1.1769225560463343, 0.002335787028487705 
1.1789221676023522, 0.00234023946277862 
1.1809218213287886, 0.0023446914166839494 
1.1829214521687648, 0.0023491426457475026 
1.1849210950252, 0.0023535932291826427 
1.1869207311753662, 0.0023580432965479305 
1.1889203706733795, 0.002362492778864215 
1.1909200081311482, 0.0023669417117194967 
1.192919646446922, 0.0023713900778513405 
1.19491928407218, 0.0023758378882813586 
1.196918921844417, 0.0023802851387403744 
1.1989185593205702, 0.0023847318331201546 
1.2009181967445661, 0.0023891779708890538 
1.2029178339915072, 0.0023936235538452146 
1.2049174711342443, 0.002398068582493882 
1.206917108139349, 0.002402513057992617 
1.208916745030264, 0.002406956981108609 
1.210916381799759, 0.002411400352779424 
1.212916018456913, 0.0024158431738132147 
1.2149156550019065, 0.002420285445050627 
1.2169152914395527, 0.0024247271672789726 
1.2189149277720401, 0.002429168341279096 
1.2209145640028316, 0.002433608967801465 
1.2229142001345752, 0.00243804904758004 
1.2249138361702299, 0.002442488581325538 
1.2269134721124635, 0.0024469275697297705 
1.2289131079639815, 0.0024513660134647744 
1.2309127437273513, 0.002455803913183653 
1.232912379405101, 0.0024602412695210072 
1.2349120149996695, 0.0024646780830937668 
1.2369116505134388, 0.0024691143545013013 
1.2389112859487155, 0.0024735500843261885 
1.240910921307746, 0.0024779852731345387 
1.2429105565927108, 0.0024824199214765153 
1.2449101918057304, 0.0024868540298867876 
1.246909826948865, 0.0024912875988849763 
1.2489094620241166, 0.0024957206289761428 
1.2509090970334313, 0.0025001531206508337 
1.2529087319786996, 0.002504585074386077 
1.2549083668617593, 0.002509016490645402 
1.2569080016843963, 0.002513447369879257 
1.2589076364483462, 0.0025178777125252974 
1.260907271155296, 0.0025223075190089587 
1.2629069058068838, 0.002526736789743621 
1.2649065404047035, 0.0025311655251311713 
1.2669061749503019, 0.002535593725562154 
1.2689058094451848, 0.0025400213914159183 
1.270905443890813, 0.0025444485230612943 
1.2729050782886073, 0.002548875120856753 
1.2749047126399495, 0.0025533011851504995 
1.2769043469461807, 0.0025577267162812125 
1.278903981208605, 0.0025621517145777333 
1.2809036154284892, 0.002566576180359867 
1.2829032496070654, 0.002571000113938377 
1.2849028837455296, 0.0025754235156152084 
1.286902517845046, 0.0025798463856838514 
1.2889021519067445, 0.0025842687244295613 
1.2909017859317231, 0.002588690532129494 
1.2929014199210498, 0.002593111809053081 
1.2949010538757615, 0.002597532555462135 
1.2969006877968667, 0.002601952771611106 
1.2989003216853452, 0.00260637245774725 
1.3008999555421485, 0.002610791614111141 
1.3028995893682032, 0.002615210240936125 
1.304899223164407, 0.002619628338449337 
1.3068988569316344, 0.0026240459068712875 
1.3088984906707346, 0.0026284629464165743 
1.310898124382533, 0.002632879457293567 
1.3128977580678318, 0.002637295439704709 
1.31489739172741, 0.0026417108938469316 
1.3168988436340598, 0.002645827212910465 
1.318910220265366, 0.0026500258307343635 
1.320921805316161, 0.002655577819480383 
1.3229319461475808, 0.002657994241855648 
1.3249334353837559, 0.0026619269656619872 
1.3269332127481228, 0.0026671102571803407 
1.3289327529712058, 0.002671500790754756 
1.3309324434436214, 0.0026758498511676248 
1.332932055196482, 0.0026802133762509625 
1.3349317091210258, 0.0026845764203952795 
1.3369313401583807, 0.0026889387411482427 
1.3389309832125382, 0.002693300416080736 
1.3409306195602035, 0.002697661575610801 
1.3429302592557948, 0.002702022150297591 
1.3449298969110592, 0.002706382175966732 
1.3469295354243325, 0.002710741635218319 
1.3489291732470483, 0.002715100539138304 
1.3509288112167255, 0.002719458883413903 
1.3529284488902893, 0.0027238166719514034 
1.3549280865116715, 0.0027281739042026862 
1.3569277239559723, 0.002732530581966418 
1.3589273612960442, 0.0027368867057392826 
1.3609269984984573, 0.0027412422766754747 
1.3629266355866554, 0.0027455972955363487 
1.3649262725534088, 0.002749951763255193 
1.3669259094077948, 0.0027543056806351015 
1.3689255461499956, 0.0027586590485123327 
1.3709251827848232, 0.00276301186766954 
1.3729248193144672, 0.0027673641388835405 
1.37492445574239, 0.0027717158629005176 
1.3769240920712402, 0.0027760670404502804 
1.3789237283039761, 0.0027804176722395647 
1.3809233644432664, 0.002784767758956595 
1.382923000491815, 0.002789117301269476 
1.3849226364521907, 0.0027934662998277083 
1.3869222723269212, 0.002797814755262443 
1.3889219081184465, 0.002802162668187118 
1.3909215438291471, 0.0028065100391977153 
1.3929211794613308, 0.002810856868873659 
1.394920815017243, 0.0028152031577779236 
1.396920450499065, 0.002819548906457592 
1.3989200859089173, 0.002823894115444375 
1.4009197212488596, 0.002828238785255034 
1.4029193565208944, 0.002832582916391646 
1.4049189917269678, 0.002836926509342322 
1.4069186268689702, 0.0028412695645813448 
1.4089182619487395, 0.0028456120825695007 
1.4109178969680618, 0.0028499540637548504 
1.4129175319286722, 0.002854295508572617 
1.4149171668322578, 0.0028586364174458855 
1.4169168016804572, 0.0028629767907858462 
1.4189164364748637, 0.0028673166289920806 
1.4209160712170257, 0.002871655932452772 
1.4229157059084465, 0.0028759947015452696 
1.4249153405505892, 0.0028803329366364734 
1.4269149751448742, 0.002884670638082713 
1.4289146096926817, 0.0028890078062305128 
1.4309142441953544, 0.002893344441416347 
1.4329138786541957, 0.002897680543967436 
1.434913513070473, 0.0029020161142018124 
1.4369131474454182, 0.002906351152428281 
1.4389127817802276, 0.002910685658947314 
1.4409124160760645, 0.0029150196340507603 
1.442912050334059, 0.0029193530780222553 
1.44491168455531, 0.002923685991137434 
1.4469113187408849, 0.0029280183736642455 
1.4489109528918207, 0.0029323502258630147 
1.450910587009126, 0.0029366815479869063 
1.4529102210937803, 0.0029410123402816967 
1.4549098551467359, 0.0029453426029864786 
1.4569094891689183, 0.0029496723363335703 
1.4589091231612261, 0.0029540015405487142 
1.4609087571245336, 0.002958330215851243 
1.4629083910596903, 0.0029626583624544744 
1.4649080249675215, 0.0029669859805656544 
1.4669076588488283, 0.002971313070386259 
1.4689072927043911, 0.0029756396321119656 
1.4709087447897946, 0.0029796669666422903 
1.4729201215905872, 0.0029837761872340074 
1.474931706947878, 0.002989238704683884 
1.4769418481965868, 0.0029915652758710594 
1.4789433374793786, 0.0029954088177272767 
1.4809431150746588, 0.0030005034755390585 
1.4829426554891916, 0.0030048051834698484 
1.4849423461563371, 0.0030090653491348647 
1.486941958102054, 0.00301333998482054 
1.4889416122206964, 0.003017614139382746 
1.4909412434514346, 0.00302188757193951 
1.4929408866993124, 0.003026160358477656 
1.4949405232404769, 0.0030304326302819087 
1.4969401631296462, 0.0030347043174486733 
1.4989398009784063, 0.0030389754560409526 
1.5009394396851794, 0.0030432460285215695 
1.502939077701353, 0.003047516046040875 
1.5049387158644705, 0.003051785504242294 
1.5069383537314442, 0.0030560544070467686 
1.5089379915462136, 0.003060322753889593 
1.510937629183874, 0.003064590546569868 
1.512937266717281, 0.003068857785575976 
1.5149369041130034, 0.0030731244720586023 
1.5169365413944857, 0.0030773906067733227 
1.518936178554497, 0.003081656190648922 
1.520935815602117, 0.0030859212244836736 
1.5229354525375256, 0.0030901857091094284 
1.5249350893655367, 0.0030944496453043256 
1.5269347260883381, 0.0030987130338408124 
1.5289343627093939, 0.0031029758754609624 
1.5309339992313515, 0.0031072381708905222 
1.53293363565717, 0.003111499920832303 
1.5349332719895172, 0.003115761125970568 
1.5369329082310985, 0.0031200217869696697 
1.5389325443844815, 0.0031242819044756892 
1.5409321804521952, 0.0031285414791160596 
1.542931816436679, 0.0031328005115008805 
1.5449314523403126, 0.0031370590022228376 
1.5469310881654046, 0.003141316951858101 
1.5489307239142003, 0.0031455743609664437 
1.5509303595888815, 0.0031498312300919616 
1.5529299951915683, 0.003154087559763325 
1.5549296307243203, 0.003158343350494427 
1.5569292661891403, 0.0031625986027845783 
1.5589289015879746, 0.0031668533171191116 
1.5609285369227133, 0.003171107493969696 
1.5629281721951944, 0.003175361133794587 
1.5649278074072037, 0.003179614237039279 
1.5669274425604776, 0.0031838668041365955 
1.5689270776567015, 0.003188118835507253 
1.5709267126975157, 0.003192370331560058 
1.5729263476845121, 0.003196621292692405 
1.5749259826192394, 0.003200871719290419 
1.576925617503202, 0.003205121611729403 
1.5789252523378616, 0.003209370970373935 
1.580924887124639, 0.003213619795578559 
1.5829245218649155, 0.0032178680876877126 
1.584924156560033, 0.0032221158470361905 
1.5869237912112943, 0.003226363073949176 
1.5889234258199678, 0.003230609768742998 
1.590923060387285, 0.003234855931724929 
1.5929226949144417, 0.0032391015631935425 
1.5949223294026025, 0.0032433466634391077 
1.5969219638528969, 0.0032475912327436718 
1.5989215982664233, 0.003251835271381387 
1.6009212326442497, 0.003256078779618641 
1.6029208669874129, 0.003260321757714314 
1.6049205012969217, 0.0032645642059200993 
1.6069201355737552, 0.0032688061244805383 
1.608919769818866, 0.0032730475136333514 
1.6109194040331796, 0.0032772883736095727 
1.612919038217595, 0.0032815287046335084 
1.614918672372986, 0.0032857685069235085 
1.616918306500202, 0.0032900077806916716 
1.6189179406000684, 0.0032942465261439338 
1.6209175746733875, 0.003298484743480712 
1.6229172087209378, 0.003302722432896704 
1.6249186609811126, 0.0033066608041270856 
1.6269300379478808, 0.003310680647105722 
1.628941623606474, 0.003316053717342376 
1.6309517652612262, 0.0033182904643781572 
1.6329532545911711, 0.003322044962722562 
1.6349530324127253, 0.0033270509081181113 
1.6369525730146341, 0.0033312637926472826 
1.6389522638724996, 0.003335435088014482 
1.64095187600708, 0.0033396208561726898 
1.6429515303158178, 0.0033438061425828595 
1.6449511617359414, 0.003347990708426475 
1.6469508051735378, 0.0033521746280604533 
1.6489504419042034, 0.003356358033627861 
1.65095008198295, 0.0033605408547632666 
1.652949720021207, 0.0033647231277674212 
1.6549493589174804, 0.003368904834965873 
1.6569489971231124, 0.003373085987573041 
1.6589486354756713, 0.0033772665811887806 
1.6609482735320564, 0.003381446619748546 
1.6629479115362134, 0.0033856261026713194 
1.6649475493632357, 0.0033898050317565038 
1.6669471870859789, 0.0033939834074839703 
1.6689468246710124, 0.0033981612310011594 
1.67094646214178, 0.00340233850305772 
1.6729460994910514, 0.0034065152245781726 
1.6749457367279061, 0.0034106913963557334 
1.6769453738525246, 0.0034148670192178246 
1.6789450108697197, 0.0034190420939381938 
1.680944647781681, 0.0034232166212849724 
1.6829442845918705, 0.0034273906019959715 
1.6849439213029376, 0.0034315640367930146 
1.6869435579178402, 0.003435736926374815 
1.688943194439247, 0.0034399092714218057 
1.6909428308698626, 0.0034440810725947677 
1.6929424672122553, 0.0034482523305359534 
1.6949421034689538, 0.0034524230458694667 
1.696941739642397, 0.003456593219201758 
1.6989413757349665, 0.0034607628511223692 
1.7009410117489692, 0.0034649319422040735 
1.7029406476866513, 0.003469100493003651 
1.7049402835501937, 0.0034732685040621287 
1.7069399193417172, 0.0034774359759051163 
1.7089395550632813, 0.003481602909043698 
1.7109391907168896, 0.003485769303974336 
1.7129388263044865, 0.0034899351611796846 
1.7149384618279644, 0.0034941004811286738 
1.71693809728916, 0.003498265264277117 
1.7189377326898598, 0.0035024295110678864 
1.720937368031799, 0.003506593221931464 
1.7229370033166638, 0.0035107563972860568 
1.7249366385460945, 0.0035149190375384325 
1.7269362737216838, 0.003519081143083617 
1.72893590884498, 0.0035232427143055273 
1.7309355439174867, 0.0035274037515773456 
1.7329351789406662, 0.003531564255261715 
1.734934813915939, 0.003535724225711101 
1.7369344488446872, 0.003539883663268025 
1.7389340837282516, 0.003544042568265372 
1.7409337185679354, 0.0035482009410266503 
1.7429333533650078, 0.003552358781866225 
1.7449329881206996, 0.0035565160910897816 
1.7469326228362072, 0.0035606728689940746 
1.7489322575126947, 0.003564829115867816 
1.7509318921512922, 0.003568984831991537 
1.752931526753097, 0.003573140017637774 
1.7549311613191771, 0.003577294673071409 
1.7569307958505713, 0.0035814487985499684 
1.7589304303482867, 0.003585602394323648 
1.7609300648133033, 0.0035897554606355905 
1.7629296992465728, 0.003593907997722187 
1.7649293336490213, 0.00359806000581316 
1.7669289680215472, 0.0036022114851317886 
1.7689286023650255, 0.003606362435894983 
1.7709282366803043, 0.0036105128583135714 
1.77292787096821, 0.0036146627525926013 
1.7749275052295441, 0.00361881211893113 
1.7769271394650863, 0.0036229609575227665 
1.778928591896062, 0.003626810388215375 
1.7809399690252747, 0.0036307408742746747 
1.782951554979548, 0.0036360245223267217 
1.7849616970291535, 0.0036381714735321874 
1.7869631864047355, 0.0036418369643787364 
1.788962964448545, 0.003646754206093406 
1.7909625052339049, 0.0036508782885294284 
1.7929621962784679, 0.003654960733694956 
1.7949618085979249, 0.0036590576559383057 
1.7969614630927553, 0.003663154095849292 
1.7989610946982708, 0.0036672498165977734 
1.8009607383215875, 0.003671344890945268 
1.802960375237758, 0.0036754394518938643 
1.8049600155020846, 0.0036795334286159704 
1.806959653725842, 0.003683626857650052 
1.808959292807619, 0.003687719721184063 
1.8109589311987133, 0.003691812030496794 
1.8129585697367174, 0.003695903781144616 
1.8149582079785176, 0.003699994977077298 
1.8169578461680667, 0.0037040856176974585 
1.818957484180454, 0.0037081757048049663 
1.8209571220885372, 0.0037122652388713717 
1.8229567598588854, 0.0037163542210406943 
1.824956397514943, 0.003720442652056572 
1.826956035049478, 0.0037245305328391237 
1.8289556724715714, 0.0037286178641767775 
1.8309553097814033, 0.0037327046468924267 
1.8329549469837878, 0.0037367908817553994 
1.8349545840809116, 0.003740876569529446 
1.8369542210762404, 0.0037449617109483503 
1.8389538579724207, 0.00374904630672973 
1.8409534947724122, 0.003753130357568451 
1.8429531314788827, 0.003757213864141103 
1.8449527680945375, 0.0037612968271046833 
1.8469524046219448, 0.0037653792470977642 
1.8489520410636326, 0.0037694611247409736 
1.850951677422041, 0.003773542460637369 
1.85295131369955, 0.0037776232553731358 
1.854950949898468, 0.0037817035095178736 
1.856950586021041, 0.0037857832236252043 
1.8589502220694505, 0.003789862398232917 
1.860949858045815, 0.0037939410338639285 
1.8629494939521967, 0.003798019131026235 
1.8649491297905976, 0.0038020966902136705 
1.866948765562963, 0.003806173711906019 
1.8689484012711848, 0.0038102501965695482 
1.8709480369170997, 0.00381432614465761 
1.872947672502494, 0.003818401556610501 
1.874947308029104, 0.0038224764328563545 
1.8769469434986155, 0.0038265507738110714 
1.8789465789126685, 0.003830624579878838 
1.8809462142728552, 0.003834697851452628 
1.8829458495807248, 0.0038387705889142663 
1.8849454848377807, 0.003842842792634739 
1.8869451200454845, 0.003846914462974641 
1.888944755205259, 0.0038509856002844 
1.890944390318484, 0.0038550562049047155 
1.8929440253865017, 0.0038591262771665727 
1.8949436604106147, 0.0038631958173915497 
1.8969432953920906, 0.003867264825892425 
1.8989429303321632, 0.0038713333029729265 
1.9009425652320282, 0.0038754012489283607 
1.9029422000928478, 0.003879468664045721 
1.9049418349157528, 0.003883535548603912 
1.906941469701842, 0.0038876019028739658 
1.9089411044521833, 0.0038916677271192647 
1.9109407391678133, 0.0038957330215958737 
1.9129403738497408, 0.0038997977865526372 
1.9149400084989459, 0.003903862022231297 
1.9169396431163799, 0.0039079257288667756 
1.918939277702969, 0.003911988906687724 
1.9209389122596128, 0.003916051555915982 
1.9229385467871836, 0.003920113676767305 
1.9249381812865316, 0.003924175269451317 
1.9269378157584824, 0.003928236334171946 
1.928937450203838, 0.0039322968711271245 
1.9309370846233773, 0.003936356880509425 
1.9329385372211645, 0.003940117392270914 
1.9349499145088176, 0.003943958543204909 
1.9369615007507668, 0.003949152794369732 
1.9389716431839619, 0.003951209983854896 
1.9409731326069724, 0.0039547864955443435 
1.9429729108688283, 0.003959615047259895 
1.944972451833671, 0.003963650348446452 
1.946972143060913, 0.003967643964953792 
1.948971755561259, 0.003971652062897915 
1.9509714102381808, 0.003975659677909298 
1.9529710420250934, 0.003979666575160079 
1.9549706858301343, 0.003983672825818841 
1.9569703229278137, 0.00398767856374634 
1.9589699633737248, 0.003991683717652896 
1.9609696017789875, 0.003995688324314399 
1.962969241042272, 0.003999692365781432 
1.9649688796148337, 0.004003695853397245 
1.9669685183342869, 0.004007698782674462 
1.9689681567575055, 0.004011701157577412 
1.9709677951284519, 0.004015702977492276 
1.9729674333222094, 0.004019704244219314 
1.9749670714116383, 0.004023704958221775 
1.9769667093633054, 0.004027705120640148 
1.9789663472006578, 0.00403170473221219 
1.9809659849164631, 0.004035703793853906 
1.9829656225198007, 0.004039702306348587 
1.9849652600108523, 0.004043700270514745 
1.9869648973944307, 0.0040476976871171 
1.9889645346727252, 0.004051694556915313 
1.9909641718491975, 0.004055690880638845 
1.9929638089264974, 0.004059686659001235 
1.9949634459075838, 0.004063681892693341 
1.9969630827951244, 0.004067676582388152 
1.9989627195918243, 0.004071670728738699 
2.000962356300252, 0.00407566433238018 
2.002961992922936, 0.004079657393929601 
2.0049616294623154, 0.00408364991398662 
2.006961265920771, 0.004087641893133973 
2.008960902300611, 0.004091633331938069 
2.010960538604081, 0.0040956242309493525 
2.0129601748333625, 0.004099614590702667 
2.0149598109905766, 0.0041036044117178224 
2.0169594470777823, 0.00410759369450009 
2.018959083096982, 0.004111582439540371 
2.0209587190501233, 0.004115570647315713 
2.0229583549390964, 0.004119558318289887 
2.0249579907657385, 0.004123545452913607 
2.026957626531835, 0.004127532051624582 
2.0289572622391225, 0.004131518114848499 
2.0309568978892885, 0.004135503642998997 
2.0329565334839703, 0.004139488636478008 
2.0349561690247633, 0.0041434730956763114 
2.0369558045132137, 0.004147457020973337 
2.0389554399508274, 0.004151440412738119 
2.040955075339064, 0.004155423271329278 
2.0429547106793473, 0.004159405597095159 
2.0449543459730575, 0.004163387390374466 
2.0469539812215354, 0.004167368651496344 
2.0489536164260853, 0.004171349380780615 
2.0509532515879743, 0.004175329578538098 
2.0529528867084346, 0.004179309245071127 
2.054952521788663, 0.004183288380673181 
2.0569521568298237, 0.004187266985629318 
2.0589517918330453, 0.004191245060217308 
2.060951426799427, 0.004195222604706455 
2.062951061730037, 0.004199199619358639 
2.0649506966259126, 0.004203176104428481 
2.0669503314880604, 0.004207152060163469 
2.0689499663174624, 0.00421112748680383 
2.0709496011150703, 0.004215102384583356 
2.0729492358818082, 0.004219076753729256 
2.074948870618577, 0.004223050594462061 
2.0769485053262495, 0.004227023906996516 
2.0789481400056746, 0.004230996691540968 
2.0809477746576794, 0.004234968948298126 
2.0829474092830655, 0.004238940677464879 
2.084947043882611, 0.004242911879232576 
2.0869484966432217, 0.004246583493596438 
2.0889598740853303, 0.004250335331276353 
2.090971460608476, 0.00425544021501326 
2.092981603410532, 0.004257407680482005 
2.094983092881434, 0.004260895201170631 
2.096982871357472, 0.004265635109334367 
2.098982412497916, 0.0042695816554821076 
2.1009821039038017, 0.004273486463632352 
2.1029817165810645, 0.004277405758261342 
2.104981371436072, 0.004281324569477004 
2.1069810034003953, 0.004285242664319873 
2.108980647383162, 0.00428916011237767 
2.110980284658361, 0.004293077048372042 
2.112979925281862, 0.004296993400551042 
2.1149795638646367, 0.00430090920592787 
2.1169792033054367, 0.004304824446415909 
2.1189788420554723, 0.00430873913342276 
2.1209784809523837, 0.004312653262417313 
2.1229781195530304, 0.004316566837378431 
2.1249777581013807, 0.004320479857675891 
2.126977396472516, 0.0043243923251102805 
2.1289770347392976, 0.004328304240136447 
2.1309766728682935, 0.004332215603891518 
2.132976310882949, 0.004336126417107454 
2.134975948776032, 0.004340036680695745 
2.136975586556623, 0.004343946395434846 
2.1389752242249025, 0.004347855562138789 
2.1409748617856836, 0.004351764181568069 
2.142974499241156, 0.004355672254477844 
2.1449741365947825, 0.004359579781593341 
2.146973773849211, 0.004363486763624018 
2.1489734110074017, 0.004367393201257054 
2.1509730480720224, 0.0043712990951612915 
2.152972685045777, 0.0043752044459862555 
2.1549723219312353, 0.004379109254363284 
2.156971958730925, 0.0043830135209059345 
2.158971595447286, 0.004386917246210472 
2.1609712320826984, 0.0043908204308563325 
2.162970868639471, 0.004394723075406723 
2.164970505119849, 0.004398625180408825 
2.166970141526014, 0.004402526746394441 
2.1689697778600863, 0.004406427773880658 
2.170969414124127, 0.0044103282633695395 
2.1729690503201375, 0.004414228215349361 
2.1749686864500646, 0.004418127630294503 
2.176968322515798, 0.004422026508665941 
2.178967958519176, 0.00442592485091182 
2.1809675944619866, 0.00442982265746753 
2.1829672303459637, 0.004433719928756174 
2.1849668661727946, 0.004437616665189022 
2.1869665019441173, 0.004441512867165888 
2.188966137661527, 0.004445408535075009 
2.190965773326569, 0.004449303669293848 
2.19296540894075, 0.004453198270189325 
2.1949650445055324, 0.004457092338117962 
2.1969646800223357, 0.004460985873426148 
2.1989643154925416, 0.004464878876450648 
2.2009639509174908, 0.004468771347518762 
2.2029635862984884, 0.00447266328694846 
2.204963221636802, 0.0044765546950488256 
2.2069628569336626, 0.0044804455721203194 
2.2089624921902677, 0.004484335918454793 
2.2109621274077798, 0.004488225734336068 
2.2129617625873297, 0.004492115020039735 
2.214961397730016, 0.004496003775833881 
2.216961032836906, 0.004499892001978829 
2.2189606679090375, 0.004503779698727774 
2.220960302947419, 0.004507666866326753 
2.2229599379530294, 0.004511553505014722 
2.2249595729268217, 0.004515439615024145 
2.2269592078697205, 0.004519325196580843 
2.2289588427826263, 0.004523210249904146 
2.2309584776664124, 0.004527094775207307 
2.232958112521928, 0.004530978772697895 
2.2349577473499984, 0.004534862242577251 
2.2369573821514255, 0.004538745185041018 
2.2389570169269892, 0.004542627600279693 
2.240958469846497, 0.004546210339343332 
2.242969847439272, 0.00454987288399564 
2.2449814342359002, 0.004554888433217892 
2.246991577386582, 0.004556766219967351 
2.2489930669076714, 0.0045601647766647 
2.2509928455940664, 0.004564816053369001 
2.252992386906298, 0.004568673864577278 
2.2549920784867536, 0.00457248988493571 
2.256991691336981, 0.0045763203972849255 
2.258991346366058, 0.004580150425718257 
2.260990978503812, 0.00458397973915635 
2.2629906226603054, 0.004587808405617282 
2.264990260109032, 0.00459163656068244 
2.2669899009061294, 0.004595464132137915 
2.2689895396624253, 0.0045992911572340575 
2.2709891792767474, 0.004603117617747156 
2.272988818200267, 0.004606943525148878 
2.2749884572706423, 0.0046107688748645 
2.276988096044726, 0.00461459367088746 
2.27898773476649, 0.004618417912571132 
2.2809873733110124, 0.00462224160171655 
2.2829870117511577, 0.004626064738770238 
2.284986650053491, 0.004629887324865654 
2.2869862882414593, 0.004633709360729056 
2.2889859263078307, 0.004637530847267633 
2.2909855642616845, 0.004641351785254893 
2.292985202103203, 0.004645172175500439 
2.2949848398371984, 0.004648992018759894 
2.29698447746586, 0.0046528113157845155 
2.2989841149926504, 0.004656630067295411 
2.300983752420219, 0.004660448273997842 
2.302983389751524, 0.0046642659365750015 
2.3049830269892357, 0.004668083055691871 
2.306982664136057, 0.00467189963199429 
2.3089823011945567, 0.0046757156661100365 
2.3109819381672634, 0.00467953115864904 
2.312981575056617, 0.004683346110204342 
2.3149812118649975, 0.00468716052135194 
2.3169808485947145, 0.004690974392651692 
2.3189804852480127, 0.004694787724647769 
2.3209801218270725, 0.004698600517868918 
2.322979758334017, 0.004702412772829094 
2.324979394770904, 0.004706224490027696 
2.3269790311397367, 0.0047100356699500195 
2.3289786674424606, 0.004713846313067831 
2.3309783036809693, 0.004717656419839534 
2.3329779398570984, 0.004721465990710457 
2.3349775759726343, 0.004725275026113577 
2.336977212029313, 0.004729083526469734 
2.3389768480288207, 0.004732891492187752 
2.340976483972798, 0.004736698923664963 
2.3429761198628363, 0.004740505821287629 
2.344975755700485, 0.00474431218543098 
2.3469753914872484, 0.00474811801645979 
2.3489750272245873, 0.004751923314728438 
2.350974662913925, 0.004755728080581513 
2.35297429855664, 0.004759532314353782 
2.3549739341540747, 0.004763336016370727 
2.3569735697075345, 0.004767139186948431 
2.3589732052182857, 0.004770941826394159 
2.36097284068756, 0.004774743935006699 
2.362972476116555, 0.004778545513076103 
2.364972111506434, 0.004782346560884719 
2.3669717468583262, 0.004786147078706491 
2.3689713821733314, 0.0047899470668078675 
2.3709710174525167, 0.004793746525447972 
2.3729706526969196, 0.0047975454548783636 
2.374970287907548, 0.004801343855343466 
2.3769699230853827, 0.004805141727081222 
2.378969558231375, 0.004808939070322501 
2.3809691933464503, 0.004812735885291905 
2.382968828431508, 0.004816532172207663 
2.384968463487422, 0.004820327931281665 
2.386968098515042, 0.004824123162720172 
2.3889677335151935, 0.00482791786672346 
2.390967368488678, 0.004831712043486231 
2.392967003436276, 0.004835505693197822 
2.3949684565107785, 0.004838999579184178 
2.3969798342504385, 0.004842572850689325 
2.398991421311866, 0.004847499101268289 
2.4010015647867253, 0.004849287260716311 
2.403003054362973, 0.004852596881497067 
2.405002833256373, 0.004857159537186462 
2.4070023747366807, 0.0048609286328661575 
2.4090020664875977, 0.004864655885738578 
2.411001679506858, 0.004868397636768515 
2.4130013347059798, 0.004872138903339014 
2.415000967013188, 0.004875879456277712 
2.4170006113394074, 0.004879619362048096 
2.419000248957677, 0.004883358757090721 
2.4209998899243765, 0.004887097568729102 
2.422999528850204, 0.004890835834451092 
2.4249991686340575, 0.004894573535895637 
2.4269988077270694, 0.004898310684598683 
2.4289984469669204, 0.004902047275941932 
2.4309980859104496, 0.004905783313933334 
2.432997724801637, 0.004909518797909632 
2.4349973635155573, 0.004913253729672415 
2.436997002125076, 0.004916988109659867 
2.438996640596758, 0.004920721939002017 
2.440996278954051, 0.0049244552184192335 
2.442995917189722, 0.004928187948814285 
2.4449955553128513, 0.0049319201309558115 
2.4469951933236196, 0.004935651765648896 
2.448994831226841, 0.004939382853644937 
2.450994469024704, 0.004943113395690792 
2.4529941067206718, 0.004946843392503094 
2.4549937443173926, 0.004950572844783443 
2.456993381817827, 0.004954301753210848 
2.458993019224642, 0.004958030118446589 
2.460992656540542, 0.004961757941132589 
2.4629922937680964, 0.004965485221893137 
2.4649919309098336, 0.004969211961334696 
2.4669915679681935, 0.004972938160046653 
2.468991204945557, 0.004976663818601789 
2.4709908418442312, 0.004980388937556776 
2.472990478666463, 0.004984113517452741 
2.4749901154144327, 0.004987837558815292 
2.4769897520902626, 0.004991561062155315 
2.4789893886960113, 0.004995284027969378 
2.4809890252336815, 0.004999006456740038 
2.4829886617052206, 0.005002728348936327 
2.484988298112518, 0.0050064497050139045 
2.486987934457413, 0.005010170525415629 
2.4889875707416897, 0.00501389081057201 
2.490987206967086, 0.005017610560901348 
2.4929868431352875, 0.0050213297768101645 
2.494986479247934, 0.005025048458693422 
2.496986115306618, 0.005028766606935227 
2.498985751312888, 0.005032484221908703 
2.5009853872682486, 0.005036201303976315 
2.502985023174162, 0.005039917853490696 
2.5049846590320484, 0.005043633870794271 
2.5069842948432886, 0.005047349356219796 
2.5089839306092263, 0.005051064310090784 
2.5109835663311646, 0.005054778732721629 
2.5129832020103713, 0.005058492624418138 
2.5149828376480756, 0.005062205985476915 
2.516982473245477, 0.005065918816186558 
2.5189821088037387, 0.005069631116827639 
2.52098174432399, 0.005073342887672746 
2.522981379807331, 0.005077054128986633 
2.524981015254828, 0.005080764841026868 
2.5269806506675185, 0.005084475024043764 
2.5289802860464117, 0.005088184678280278 
2.530979921392486, 0.005091893803972878 
2.5329795567066946, 0.0050956024013511965 
2.534979191989963, 0.005099310470638488 
2.53697882724319, 0.005103018012051632 
2.53897846246725, 0.005106725025801487 
2.5409780976629923, 0.005110431512093086 
2.542977732831242, 0.005114137471125444 
2.5449773679728014, 0.005117842903092149 
2.5469770030884504, 0.005121547808181424 
2.5489784563139746, 0.0051249528618081686 
2.550989834196576, 0.005128436881572782 
2.5530014215170826, 0.005133273859934974 
2.555011565304656, 0.005134972424282648 
2.55701305494, 0.005138193135001848 
2.5590128340383966, 0.00514266718417832 
2.5610123756831586, 0.005146347584499908 
2.5630120676004458, 0.00514998609080984 
2.5650116807848136, 0.005153639101361321 
2.5670113361499634, 0.005157291626901902 
2.5690109686226608, 0.005160943440175616 
2.5710106131146118, 0.005164594606090442 
2.5730102508984456, 0.005168245261945056 
2.575009892030761, 0.005171895334601196 
2.5770095311221377, 0.005175544861783414 
2.579009171071538, 0.005179193824993933 
2.58100881033006, 0.005182842235832695 
2.5830084497354036, 0.005186490089637882 
2.5850080888443974, 0.005190137390431852 
2.5870077279010255, 0.005193784137535112 
2.5890073667803613, 0.005197430332749541 
2.591007005555271, 0.005201075976504991 
2.5930066441923203, 0.005204721069928016 
2.5950062827149543, 0.005208365613733078 
2.597005921115942, 0.0052120096088188045 
2.599005559404364, 0.005215653055948569 
2.601005197580401, 0.005219295955923247 
2.603004835648866, 0.005222938309489772 
2.6050044736119484, 0.005226580117390527 
2.6070041114731115, 0.005230221380338194 
2.609003749235004, 0.005233862099030066 
2.611003386900584, 0.005237502274141399 
2.6130030244725218, 0.005241141906329566 
2.6150026619535205, 0.005244780996232882 
2.617002299346148, 0.005248419544471774 
2.6190019366529356, 0.005252057551649291 
2.621001573876322, 0.00525569501835141 
2.623001211018685, 0.005259331945147681 
2.6250008480823372, 0.005262968332591461 
2.627000485069522, 0.005266604181220542 
2.629000121982421, 0.005270239491557654 
2.6309997588231555, 0.005273874264110762 
2.632999395593786, 0.005277508499373624 
2.6349990322963137, 0.005281142197825835 
2.6369986689326845, 0.005284775359933662 
2.6389983055047908, 0.005288407986150196 
2.640997942014471, 0.005292040076915742 
2.6429975784635094, 0.005295671632658365 
2.644997214853642, 0.005299302653793763 
2.646996851186557, 0.005302933140726118 
2.6489964874638923, 0.005306563093848354 
2.650996123687242, 0.0053101925135419946 
2.6529957598581535, 0.0053138214001782315 
2.654995395978131, 0.005317449754117463 
2.6569950320486377, 0.005321077575710072 
2.658994668071094, 0.005324704865296677 
2.6609943040468815, 0.005328331623207951 
2.6629939399773415, 0.005331957849765704 
2.664993575863778, 0.005335583545282548 
2.666993211707459, 0.005339208710062094 
2.6689928475096156, 0.0053428333443996095 
2.6709924832714456, 0.005346457448582034 
2.6729921189941104, 0.005350081022888092 
2.674991754678742, 0.0053537040675889136 
2.6769913903264384, 0.005357326582947733 
2.6789910259382683, 0.005360948569220612 
2.680990661515268, 0.005364570026656285 
2.6829902970584465, 0.0053681909554963905 
2.684989932568783, 0.005371811355976033 
2.6869895680472293, 0.0053754312283233975 
2.688989203494712, 0.005379050572760682 
2.6909888389121304, 0.005382669389503336 
2.6929884743003574, 0.005386287678761063 
2.694988109660243, 0.005389905440737471 
2.6969877449926125, 0.005393522675630903 
2.698987380298268, 0.005397139383633568 
2.700987015577989, 0.005400755564932486 
2.702988468949317, 0.005404071809290865 
2.704999846970906, 0.005407466597459037 
2.7070114345393614, 0.005412214346878423 
2.7090215786042475, 0.005413823383212477 
2.7110230683190477, 0.005416955206053212 
2.713022847622409, 0.0054213406605143075 
2.7150223894287224, 0.0054249323846541795 
2.7170220815079893, 0.005428482165197719 
2.7190216948536876, 0.005432046455785383 
2.7210213503807563, 0.005435610260774996 
2.7230209830150116, 0.005439173354865649 
2.725020627668672, 0.005442735801408245 
2.727020265614096, 0.005446297738557759 
2.7290199069080274, 0.005449859092714583 
2.7310195461609696, 0.005453419901840074 
2.7330191862719238, 0.005456980147299586 
2.735018825691969, 0.005460539840757034 
2.7370184652588145, 0.005464098977507225 
2.739018104529284, 0.005467657561586935 
2.7410177437473644, 0.00547121559230021 
2.7430173827881275, 0.005474773071449333 
2.7450170217244416, 0.00547832999945566 
2.747016660522869, 0.005481886377442594 
2.7490162992068576, 0.005485442206118644 
2.7510159377691763, 0.005488997486377924 
2.753015576218905, 0.005492552218978892 
2.7550152145562237, 0.005496106404718311 
2.757014852785947, 0.00549966004433829 
2.7590144909102645, 0.005503213138577038 
2.7610141289326373, 0.005506765688143098 
2.7630137668557166, 0.005510317693729743 
2.7650134046824584, 0.005513869156007999 
2.767013042415534, 0.0055174200756317356 
2.7690126800576467, 0.005520970453235262 
2.7710123176113663, 0.005524520289435626 
2.773011955079219, 0.005528069584832174 
2.775011592463647, 0.005531618340007497 
2.77701122976703, 0.005535166555527712 
2.779010866991677, 0.005538714231943263 
2.7810105041398328, 0.005542261369788605 
2.7830101412136785, 0.005545807969583353 
2.785009778215336, 0.00554935403183271 
2.7870094151468643, 0.005552899557027319 
2.789009052010267, 0.005556444545644011 
2.7910086888074903, 0.005559988998146448 
2.7930083255404243, 0.005563532914984989 
2.7950079622109083, 0.005567076296597327 
2.797007598820727, 0.005570619143409074 
2.799007235371617, 0.005574161455833558 
2.8010068718652645, 0.005577703234272641 
2.8030065083033096, 0.005581244479116755 
2.8050061446873444, 0.005584785190745335 
2.807005781018917, 0.005588325369527282 
2.8090054172995336, 0.0055918650158210004 
2.8110050535306543, 0.005595404129974826 
2.813004689713702, 0.005598942712327278 
2.8150043258500563, 0.005602480763207334 
2.81700396194106, 0.005606018282934775 
2.8190035979880164, 0.005609555271820157 
2.8210032339921933, 0.005613091730165631 
2.823002869954823, 0.005616627658264662 
2.825002505877101, 0.005620163056402493 
2.827002141760191, 0.005623697924856247 
2.8290017776052254, 0.005627232263895401 
2.8310014134133, 0.005630766073781896 
2.8330010491854845, 0.005634299354769895 
2.835000684922815, 0.005637832107107019 
2.8370003206263004, 0.005641364331033292 
2.83899995629692, 0.005644896026782575 
2.8409995919356272, 0.005648427194581796 
2.8429992275433467, 0.005651957834651498 
2.8449988631209777, 0.005655487947206214 
2.8469984986693944, 0.005659017532454357 
2.8489981341894457, 0.005662546590598364 
2.8509977696819577, 0.005666075121835201 
2.8529974051477325, 0.005669603126356225 
2.8549970405875493, 0.005673130604347237 
2.856998494100324, 0.005676358060329432 
2.8590098722573125, 0.005679663637513799 
2.861021460068505, 0.0056843221823486 
2.8630316044014927, 0.005685841719113222 
2.8650330942270035, 0.005688884714957964 
2.867032873733495, 0.005693181557370663 
2.869032415699694, 0.005696684621776332 
2.8710321079358545, 0.005700145700137677 
2.8730317214395007, 0.005703621291313808 
2.8750313771241873, 0.005707096395905222 
2.8770310099161938, 0.005710570791023217 
2.8790306547274898, 0.005714044538411105 
2.8810302928305744, 0.005717517777070575 
2.883029934282116, 0.005720990432943666 
2.885029573692659, 0.005724462544227754 
2.8870292139611813, 0.005727934092151525 
2.8890288535387745, 0.005731405088443023 
2.891028493263141, 0.00573487552835334 
2.893028132691109, 0.005738345415933869 
2.8950277720666633, 0.0057418147504721935 
2.8970274112648777, 0.0057452835337710555 
2.8990270503586166, 0.005748751766243567 
2.9010266893144463, 0.005752219449009313 
2.9030263281558133, 0.00575568658277132 
2.905025966875486, 0.00575915316841906 
2.9070256054825445, 0.005762619206706426 
2.9090252439771698, 0.0057660846984253075 
2.9110248823641753, 0.005769549644313592 
2.9130245206457497, 0.00577301404510525 
2.9150241588253567, 0.005776477901504423 
2.9170237969056454, 0.005779941214200425 
2.9190234348895747, 0.00578340398386047 
2.9210230727798128, 0.005786866211134228 
2.9230227105790636, 0.005790327896652583 
2.9250223482898967, 0.005793789041028921 
2.9270219859148416, 0.005797249644859085 
2.929021623456337, 0.005800709708722209 
2.9310212609167636, 0.005804169233181026 
2.93302089829843, 0.0058076282187827545 
2.9350205356035812, 0.0058110866660586145 
2.9370201728344, 0.005814544575525493 
2.9390198099930056, 0.005818001947685385 
2.9410194470814597, 0.005821458783025831 
2.943019084101763, 0.005824915082021304 
2.945018721055863, 0.005828370845132499 
2.9470183579456504, 0.005831826072807177 
2.9490179947729644, 0.005835280765480516 
2.9510176315395884, 0.005838734923575593 
2.9530172682472613, 0.005842188547503243 
2.9550169048976676, 0.0058456416376629905 
2.9570165414924467, 0.005849094194442965 
2.9590161780331936, 0.005852546218220445 
2.961015814521455, 0.005855997709362175 
2.963015450958735, 0.005859448668224276 
2.9650150873464973, 0.005862899095153208 
2.9670147236861624, 0.005866348990485435 
2.9690143599791097, 0.005869798354548003 
2.9710139962266835, 0.005873247187658864 
2.9730136324301863, 0.005876695490126767 
2.975013268590886, 0.005880143262251933 
2.977012904710014, 0.005883590504326335 
2.9790125407887684, 0.005887037216633221 
2.981012176828311, 0.005890483399448392 
2.983011812829773, 0.00589392905303971 
2.9850114487942534, 0.005897374177667267 
2.9870110847228197, 0.005900818773584192 
2.989010720616508, 0.005904262841036191 
2.991010356476328, 0.005907706380262283 
2.993009992303258, 0.005911149391494644 
2.9950096280982526, 0.005914591874959038 
2.9970092638622354, 0.005918033830874683 
2.999008899596107, 0.005921475259454974 
3.001008535300741, 0.005924916160906882 
3.0030081709769867, 0.005928356535428742 
3.005007806625667, 0.005931796383191568 
3.007007442247586, 0.005935235704410185 
3.0090070778435223, 0.005938674499272484 
3.01100853149378, 0.0059418131870543536 
3.0130199097822277, 0.005945029573864559 
3.015031497826605, 0.00594959895183313 
3.017041642398843, 0.005951029046224495 
3.0190431323722393, 0.005953983232619851 
3.021042912049923, 0.0059581914609063225 
3.0230424541749157, 0.0059616058955157866 
3.025042146561323, 0.0059649783022885745 
3.027041760220329, 0.005968365216783751 
3.0290414160579195, 0.005971751638139426 
3.031041049004088, 0.005975137351209136 
3.0330406939688253, 0.005978522416488283 
3.0350403322257025, 0.005981906973703859 
3.0370399738308125, 0.005985290948338266 
3.039039613395006, 0.005988674378825251 
3.041039253817099, 0.005992057246258259 
3.04303889354827, 0.005995439562428349 
3.045038533426174, 0.005998821322543899 
3.0470381730076648, 0.006002202530670085 
3.0490378125367124, 0.006005583186078557 
3.051037451888399, 0.006008963290572175 
3.0530370911355864, 0.006012342844555709 
3.055036730244841, 0.006015721849145483 
3.057036369239609, 0.006019100305038416 
3.059036008112659, 0.006022478213119896 
3.061035646873071, 0.006025855574138598 
3.0630352855210266, 0.0060292323888748965 
3.0650349240613353, 0.006032608657998102 
3.0670345624961857, 0.006035984382301111 
3.069034200829043, 0.006039359562492669 
3.071033839062555, 0.006042734199252191 
3.0730334771996803, 0.006046108293241152 
3.0750331152430888, 0.006049481845103797 
3.077032753195484, 0.006052854855465631 
3.0790323910594357, 0.006056227324935062 
3.0810320288374724, 0.006059599254102874 
3.083031666532034, 0.006062970643543413 
3.0850313041455015, 0.006066341493814814 
3.087030941680182, 0.0060697118054592785 
3.0890305791383224, 0.006073081579004073 
3.0910302165221037, 0.00607645081496127 
3.093029853833647, 0.006079819513828744 
3.0950294910750116, 0.006083187676065756 
3.097029128248199, 0.006086555301967346 
3.099028765355155, 0.0060899223921288565 
3.1010284023977714, 0.0060932889470518455 
3.103028039377886, 0.006096654967161613 
3.1050276762972855, 0.006100020452873662 
3.107027313157705, 0.006103385404592919 
3.1090269499608314, 0.006106749822712994 
3.111026586708304, 0.006110113707616146 
3.113026223401718, 0.006113477059674166 
3.1150258600426186, 0.006116839879248046 
3.1170254966325124, 0.006120202166688787 
3.119025133172861, 0.006123563922337443 
3.1210247696650857, 0.00612692514652518 
3.1230244061105674, 0.006130285839574272 
3.1250240425106477, 0.006133646001797414 
3.1270236788666326, 0.00613700563349892 
3.1290233151797877, 0.0061403647349741325 
3.1310229514513446, 0.006143723306510336 
3.1330225876825017, 0.0061470813483864625 
3.135022223874422, 0.006150438860873829 
3.137021860028235, 0.0061537958442359035 
3.1390214961450402, 0.0061571522987286294 
3.1410211322259056, 0.006160508224601059 
3.1430207682718674, 0.006163863622094935 
3.145020404283935, 0.006167218491445093 
3.1470200402630883, 0.0061705728328801486 
3.149019676210279, 0.006173926646621811 
3.151019312126434, 0.006177279932885936 
3.1530189480124498, 0.006180632691881706 
3.1550185838692038, 0.006183984923813068 
3.157018219697543, 0.006187336628877778 
3.1590178554982953, 0.006190687807268163 
3.1610174912722604, 0.006194038459171002 
3.1630171270202196, 0.0061973885847679405 
3.1650185808042903, 0.006200438525041617 
3.1670299592209257, 0.006203565739673797 
3.169041547488896, 0.006208045982213739 
3.171051692271635, 0.006209386684917168 
3.1730531823158548, 0.00621224970247565 
3.175052962179552, 0.006216371600161394 
3.1770525044510767, 0.006219697565646703 
3.1790521969884264, 0.006222981303188373 
3.181051810796173, 0.006226279566694314 
3.183051466784032, 0.006229577335744205 
3.1850510998796233, 0.0062328743956933 
3.1870507449941847, 0.0062361708067380905 
3.1890503834006267, 0.006239466710254356 
3.1910500251553944, 0.006242762031171035 
3.193049664869149, 0.006246056808038381 
3.1950493054408047, 0.006249351021990461 
3.1970489453214883, 0.0062526446850019665 
3.199048585348885, 0.006255937792237472 
3.2010482250798313, 0.006259230347761555 
3.2030478647583087, 0.0062625223508247915 
3.205047504259392, 0.006265813803222563 
3.207047143655946, 0.006269104705345052 
3.209046782914537, 0.006272395058298353 
3.211046422058612, 0.00627568486276704 
3.2130460610809393, 0.006278974119626104 
3.2150456999905996, 0.0062822628296131545 
3.2170453387877727, 0.006285550993505305 
3.2190449774772745, 0.006288838612025515 
3.2210446160612913, 0.0062921256858935815 
3.2230442545432894, 0.0062954122157999 
3.2250438929259158, 0.006298698202420067 
3.2270435312121304, 0.006301983646408048 
3.2290431694046027, 0.006305268548400847 
3.2310428075060353, 0.0063085529090167744 
3.2330424455189988, 0.006311836728856707 
3.235042083446022, 0.00631512000850492 
3.2370417212895437, 0.006318402748528828 
3.2390413590519453, 0.006321684949479942 
3.2410409967355354, 0.006324966611894448 
3.2430406343425595, 0.006328247736293154 
3.2450402718752, 0.006331528323181995 
3.247039909335577, 0.0063348083730530025 
3.2490395467257507, 0.00633808788638414 
3.2510391840477246, 0.006341366863639841 
3.2530388213034445, 0.0063446453052714265 
3.255038458494801, 0.006347923211717646 
3.257038095623633, 0.00635120058340469 
3.259037732691725, 0.006354477420746621 
3.261037369700815, 0.006357753724146154 
3.263037006652589, 0.006361029493994173 
3.2650366435486866, 0.006364304730671129 
3.2670362803907005, 0.0063675794345462305 
3.2690359171801795, 0.006370853605978295 
3.271035553918629, 0.006374127245316392 
3.2730351906075104, 0.006377400352899288 
3.275034827248243, 0.006380672929056435 
3.277034463842211, 0.0063839449741078785 
3.2790341003907537, 0.006387216488364751 
3.2810337368951776, 0.006390487472129258 
3.2830333733567483, 0.006393757925695125 
3.2850330097766984, 0.006397027849347829 
3.287032646156225, 0.006400297243364736 
3.2890322824964913, 0.006403566108015436 
3.2910319187986277, 0.00640683444356195 
3.2930315550637337, 0.006410102250258676 
3.2950311912928756, 0.00641336952835292 
3.297030827487092, 0.006416636278085112 
3.2990304636473913, 0.006419902499688872 
3.301030099774752, 0.006423168193391044 
3.303029735870128, 0.00642643335941239 
3.3050293719344443, 0.006429697997967202 
3.3070290079686, 0.006432962109263686 
3.3090286439734693, 0.006436225693504319 
3.3110282799499022, 0.006439488750885684 
3.313027915898724, 0.0064427512815990505 
3.3150275518207355, 0.006446013285830043 
3.3170271877167177, 0.006449274763759188 
3.3190286416308257, 0.006452235981505046 
3.32104002017192, 0.006455274047513411 
3.3230516086596573, 0.006459665175596794 
3.3250617536498486, 0.006460916506764758 
3.3270632437513594, 0.006463692626590828 
3.329063023783735, 0.006467724472760335 
3.3310625661949986, 0.0064709615124968044 
3.3330622588799703, 0.006474156682786459 
3.3350618728321546, 0.006477366339161902 
3.3370615289663164, 0.006480575490533726 
3.3390611622071167, 0.006483783934742778 
3.341060807467425, 0.006486991730946348 
3.3430604460192854, 0.006490199020197034 
3.3450600879196073, 0.006493405727117553 
3.3470597277788054, 0.006496611890553068 
3.3490593684959302, 0.006499817491348992 
3.351059008522034, 0.006503022541399474 
3.35305864869484, 0.006506227035827329 
3.3550582885711657, 0.00650943097871478 
3.357057928395002, 0.006512634369296284 
3.3590575680414188, 0.006515837209367114 
3.3610572075832845, 0.006519039499309287 
3.3630568469871616, 0.006522241240225309 
3.365056486276501, 0.00652544243279405 
3.3670561254440687, 0.006528643077886067 
3.369055764498946, 0.006531843176233985 
3.371055403441313, 0.0065350427286107494 
3.3730550422759844, 0.0065382417357345585 
3.3750546810051496, 0.00654144019832111 
3.3770543196322707, 0.006544638117056451 
3.379053958159998, 0.006547835492612162 
3.381053596591289, 0.006551032325638454 
3.3830532349288136, 0.006554228616768264 
3.3850528731752774, 0.006557424366616138 
3.387052511333248, 0.0065606195757795215 
3.389052149405255, 0.0065638142448389974 
3.3910517873937382, 0.0065670083743586995 
3.393051425301077, 0.006570201964886916 
3.3950510631295807, 0.006573395016956275 
3.3970507008814965, 0.006576587531084566 
3.3990503385590043, 0.00657977950777484 
3.401049976164225, 0.006582970947515998 
3.4030496136992197, 0.00658616185078305 
3.405049251165991, 0.006589352218037784 
3.407048888566484, 0.006592542049728729 
3.4090485259025916, 0.006595731346292115 
3.411048163176151, 0.0065989201081513085 
3.413047800388948, 0.0066021083357181735 
3.4150474375427198, 0.00660529602939282 
3.4170470746391515, 0.006608483189563805 
3.4190467116798837, 0.0066116698166091585 
3.4210463486665095, 0.006614855910896081 
3.423045985600577, 0.006618041472781175 
3.425045622483591, 0.006621226502611246 
